1 1 1000 50 11 1 0 0 0
1 1 0 0 0
1 1 0 0 0
1 1 0 0 0
1 1 0 0 0
1 1 0 0 0
1 1 0 0 0
1 1 0 0 0
1 1 0 0 0
1 1 0 0 0
1 1 0 0 0
1 1 0 0 0
1 1 0 0 0
1 0 179054 35 1
1 0 113447 0 1
1 0 583330 0 3
1 0 283330 1 1
1 0 416664 0 2
1 0 599996 4 3
1 0 280000 3 1
1 0 220000 3 1
1 0 199999 1 1
1 0 299999 0 1
1 0 349998 0 2
1 0 0 0 0
1 0 233331 0 1
1 0 133332 0 1
1 0 522219 9 3
1 0 622219 5 3
1 0 466664 8 2
1 0 520000 10 3
1 0 658816 9 4
1 0 470581 17 2
1 0 752933 17 4
1 0 364699 17 2
1 0 417640 17 2
1 0 594110 17 3
1 0 0 0 0
1 0 0 0 0
1 0 0 0 0
1 0 1324 0 0
1 0 0 0 0
1 0 576717 151 3
1 0 455551 29 2
1 0 0 0 0
1 2 312450 17 2
1 2 455930 14 2
2 2 564297 215 3
1 2 443795 23 2
1 4 321567 1782 2
1 4 325395 84 2
1 4 331485 525 2
1 4 338575 17 2
1 4 389773 383 2
1 0 226427 0 1
